2602ff4d010f010e0000000000000000 40 00000000000000000000000000000000 00 00000000000000000000000000000000 00000064 00000008 00000000 00000001     eno1
fd7996c29b5d00010000000000000000 40 00000000000000000000000000000000 00 fe8000000000000062f419fffe2ba872 00000064 00000001 00000000 00000003     eno1
fdece5e2fc1900010000000000000000 40 00000000000000000000000000000000 00 00000000000000000000000000000000 00000064 0000000a 00000000 00000001     eno1
fe800000000000000000000000000000 40 00000000000000000000000000000000 00 00000000000000000000000000000000 00000100 00000001 00000000 00000001 vethf1db92d
fe800000000000000000000000000000 40 00000000000000000000000000000000 00 00000000000000000000000000000000 00000100 00000001 00000000 00000001 br-ee41378ce870
fe800000000000000000000000000000 40 00000000000000000000000000000000 00 00000000000000000000000000000000 00000400 00000003 00000000 00000001     eno1
00000000000000000000000000000000 00 00000000000000000000000000000000 00 fe8000000000000062f419fffe2ba872 00000064 00000009 00000000 00000003     eno1
00000000000000000000000000000001 80 00000000000000000000000000000000 00 00000000000000000000000000000000 00000000 0000000b 00000000 80200001       lo
2602ff4d010f010e193f233781884ff0 80 00000000000000000000000000000000 00 00000000000000000000000000000000 00000000 00000007 00000000 80200001     eno1
2602ff4d010f010e318f0a189028419a 80 00000000000000000000000000000000 00 00000000000000000000000000000000 00000000 00000003 00000000 80200001     eno1
2602ff4d010f010e45d393219a5b37e4 80 00000000000000000000000000000000 00 00000000000000000000000000000000 00000000 00000006 00000000 80200001     eno1
2602ff4d010f010e4b0335a3d885535a 80 00000000000000000000000000000000 00 00000000000000000000000000000000 00000000 00000008 00000000 80200001     eno1
2602ff4d010f010e5efe6689e1aaf2ea 80 00000000000000000000000000000000 00 00000000000000000000000000000000 00000000 00000004 00000000 80200001     eno1
2602ff4d010f010e65cda1222a995086 80 00000000000000000000000000000000 00 00000000000000000000000000000000 00000000 00000007 00000000 80200001     eno1
2602ff4d010f010e90c6c566615b173f 80 00000000000000000000000000000000 00 00000000000000000000000000000000 00000000 00000003 00000000 80200001     eno1
fdece5e2fc1900011d183600561284f5 80 00000000000000000000000000000000 00 00000000000000000000000000000000 00000000 00000003 00000000 80200001     eno1
fdece5e2fc190001923dcef13855b6ba 80 00000000000000000000000000000000 00 00000000000000000000000000000000 00000000 00000003 00000000 80200001     eno1
fdece5e2fc1900019ab49f33f9c9c702 80 00000000000000000000000000000000 00 00000000000000000000000000000000 00000000 00000008 00000000 80200001     eno1
fdece5e2fc1900019f3697abaa238251 80 00000000000000000000000000000000 00 00000000000000000000000000000000 00000000 00000003 00000000 80200001     eno1
fdece5e2fc190001a635e4d00fbe38c3 80 00000000000000000000000000000000 00 00000000000000000000000000000000 00000000 00000003 00000000 80200001     eno1
fdece5e2fc190001d867f0635b4b50c5 80 00000000000000000000000000000000 00 00000000000000000000000000000000 00000000 00000004 00000000 80200001     eno1
fdece5e2fc190001f74ae61126c605b3 80 00000000000000000000000000000000 00 00000000000000000000000000000000 00000000 00000003 00000000 80200001     eno1
fe800000000000001c42ed31808a6492 80 00000000000000000000000000000000 00 00000000000000000000000000000000 00000000 00000004 00000000 80200001     eno1
fe8000000000000094ac51fffe01a506 80 00000000000000000000000000000000 00 00000000000000000000000000000000 00000000 00000003 00000000 80200001 vethf1db92d
fe80000000000000b8f59dfffef2485c 80 00000000000000000000000000000000 00 00000000000000000000000000000000 00000000 00000002 00000000 80200001 br-ee41378ce870
ff000000000000000000000000000000 08 00000000000000000000000000000000 00 00000000000000000000000000000000 00000100 0000000b 00000000 00000001     eno1
ff000000000000000000000000000000 08 00000000000000000000000000000000 00 00000000000000000000000000000000 00000100 00000009 00000000 00000001 vethf1db92d
ff000000000000000000000000000000 08 00000000000000000000000000000000 00 00000000000000000000000000000000 00000100 00000009 00000000 00000001 br-ee41378ce870
00000000000000000000000000000000 00 00000000000000000000000000000000 00 00000000000000000000000000000000 ffffffff 00000001 00000000 00200200       lo
