Num       RefCount Protocol Flags    Type St Inode Path
0000000000000000: 00000003 00000000 00000000 0001 03 28438
0000000000000000: 00000003 00000000 00000000 0001 03 28428
0000000000000000: 00000003 00000000 00000000 0001 03 28433
0000000000000000: 00000003 00000000 00000000 0001 03 28427
0000000000000000: 00000003 00000000 00000000 0001 03 28439
0000000000000000: 00000003 00000000 00000000 0001 03 28431
0000000000000000: 00000003 00000000 00000000 0001 03 28425
0000000000000000: 00000003 00000000 00000000 0001 03 28434
0000000000000000: 00000003 00000000 00000000 0001 03 28435
0000000000000000: 00000003 00000000 00000000 0001 03 28440
0000000000000000: 00000003 00000000 00000000 0001 03 28426
0000000000000000: 00000003 00000000 00000000 0001 03 28436
0000000000000000: 00000003 00000000 00000000 0001 03 28430
0000000000000000: 00000003 00000000 00000000 0001 03 28437
0000000000000000: 00000003 00000000 00000000 0001 03 28429
0000000000000000: 00000003 00000000 00000000 0001 03 28432
