sk               Eth Pid        Groups   Rmem     Wmem     Dump  Locks    Drops    Inode
0000000000000000 0   1297       000405d1 0        0        0     2        0        11907   
0000000000000000 0   0          00000000 0        0        0     2        0        1036    
0000000000000000 0   1226       00000111 0        0        0     2        0        12723   
0000000000000000 0   4372       00000440 0        0        0     2        0        29172   
0000000000000000 0   2013       00000000 896      0        0     2        0        14210   
0000000000000000 0   130022     00000555 0        0        0     2        0        459239  
0000000000000000 0   4632       00000440 0        0        0     2        0        27359   
0000000000000000 0   898        00000111 0        0        0     2        0        15478   
0000000000000000 0   4512       00000440 0        0        0     2        0        28280   
0000000000000000 0   4453       00000440 0        0        0     2        0        29192   
0000000000000000 4   0          00000000 0        0        0     2        0        1184    
0000000000000000 6   0          00000000 0        0        0     2        0        12985   
0000000000000000 6   2013       00000000 0        0        0     2        0        14211   
0000000000000000 7   0          00000000 0        0        0     2        0        2087    
0000000000000000 9   1          00000000 0        0        0     2        0        10439   
0000000000000000 9   1228       00000000 0        0        0     2        0        17614   
0000000000000000 9   0          00000000 0        0        0     2        0        1042    
0000000000000000 10  0          00000000 0        0        0     2        0        2049    
0000000000000000 11  0          00000000 0        0        0     2        0        1051    
0000000000000000 12  1          00000000 0        0        0     2        0        10368   
0000000000000000 12  2013       00000000 0        0        0     2        0        14212   
0000000000000000 12  0          00000000 0        0        0     2        0        1391    
0000000000000000 15  4496       00000002 0        0        0     2        0        29194   
0000000000000000 15  2382562636 00000002 0        0        0     2        0        20266   
0000000000000000 15  4239       00000002 0        0        0     2        0        25238   
0000000000000000 15  3679803704 00000002 0        0        0     2        0        14762   
0000000000000000 15  2936585517 00000002 0        0        0     2        0        26201   
0000000000000000 15  2720053135 00000002 0        0        0     2        0        24762   
0000000000000000 15  1261       00000002 0        0        0     2        0        14761   
0000000000000000 15  1243       00000002 0        0        0     2        0        20116   
0000000000000000 15  1256       00000002 0        0        0     2        0        20467   
0000000000000000 15  1259       00000002 0        0        0     2        0        16703   
0000000000000000 15  3776       00000002 0        0        0     2        0        24211   
0000000000000000 15  4282265237 00000002 0        0        0     2        0        13995   
0000000000000000 15  3188851124 00000001 0        0        0     2        0        10391   
0000000000000000 15  4485       00000002 0        0        0     2        0        27288   
0000000000000000 15  1          00000002 0        0        0     2        0        10356   
0000000000000000 15  1263       00000002 0        0        0     2        0        11954   
0000000000000000 15  1603       00000002 0        0        0     2        0        12063   
0000000000000000 15  4073241759 00000002 0        0        0     2        0        14763   
0000000000000000 15  4159640421 00000002 0        0        0     2        0        20265   
0000000000000000 15  4034       00000002 0        0        0     2        0        26192   
0000000000000000 15  1525       00000001 0        0        0     2        0        12142   
0000000000000000 15  3761       00000002 0        0        0     2        0        25965   
0000000000000000 15  3401689211 00000002 0        0        0     2        0        14764   
0000000000000000 15  2859131626 00000002 0        0        0     2        0        29345   
0000000000000000 15  1408       00000002 0        0        0     2        0        12741   
0000000000000000 15  4838       00000002 0        0        0     2        0        29315   
0000000000000000 15  1297       00000002 0        0        0     2        0        11904   
0000000000000000 15  0          00000000 0        0        0     2        0        6       
0000000000000000 15  3236       00000002 0        0        0     2        0        25744   
0000000000000000 15  1584       00000002 0        0        0     2        0        20262   
0000000000000000 15  3484516357 00000002 0        0        0     2        0        24215   
0000000000000000 15  2552807283 00000002 0        0        0     2        0        13994   
0000000000000000 15  3461301787 00000002 0        0        0     2        0        20264   
0000000000000000 16  1297       00000000 0        0        0     2        0        11905   
0000000000000000 16  3116185408 00008000 0        0        0     2        0        11906   
0000000000000000 16  0          00000000 0        0        0     2        0        1037    
0000000000000000 18  0          00000000 0        0        0     2        0        1054    
