sk               Eth Pid        Groups   Rmem     Wmem     Dump  Locks    Drops    Inode
0000000000000000 0   2013       00000000 896      0        0     2        0        23752   
0000000000000000 0   0          00000000 0        0        0     2        0        22649   
0000000000000000 4   0          00000000 0        0        0     2        0        22655   
0000000000000000 6   0          00000000 0        0        0     2        0        22661   
0000000000000000 9   0          00000000 0        0        0     2        0        22651   
0000000000000000 10  0          00000000 0        0        0     2        0        22653   
0000000000000000 12  0          00000000 0        0        0     2        0        22660   
0000000000000000 15  0          00000000 0        0        0     2        0        22652   
0000000000000000 16  0          00000000 0        0        0     2        0        22650   
