Num       RefCount Protocol Flags    Type St Inode Path
0000000000000000: 00000003 00000000 00000000 0001 03 460476
0000000000000000: 00000003 00000000 00000000 0001 03 457523
0000000000000000: 00000003 00000000 00000000 0001 03 24241 /run/dbus/system_bus_socket
0000000000000000: 00000002 00000000 00000000 0002 03 12740
0000000000000000: 00000003 00000000 00000000 0001 03 27274
0000000000000000: 00000003 00000000 00000000 0001 03 467043 /run/user/1000/pulse/native
0000000000000000: 00000003 00000000 00000000 0001 03 21179
0000000000000000: 00000003 00000000 00000000 0002 03 17539
0000000000000000: 00000003 00000000 00000000 0001 03 477093
0000000000000000: 00000003 00000000 00000000 0001 03 33271 /run/user/1000/bus
0000000000000000: 00000003 00000000 00000000 0001 03 25172
0000000000000000: 00000003 00000000 00000000 0001 03 29157
0000000000000000: 00000003 00000000 00000000 0001 03 28935 /run/systemd/journal/stdout
0000000000000000: 00000003 00000000 00000000 0001 03 457496
0000000000000000: 00000003 00000000 00000000 0001 03 29733 /run/user/1000/gvfsd/socket-QC9edU8S
0000000000000000: 00000002 00000000 00000000 0002 03 24131
0000000000000000: 00000002 00000000 00000000 0002 01 16734 /var/spool/postfix/dev/log
0000000000000000: 00000003 00000000 00000000 0005 03 460461
0000000000000000: 00000003 00000000 00000000 0001 03 460430
0000000000000000: 00000003 00000000 00000000 0001 03 27356
0000000000000000: 00000003 00000000 00000000 0001 03 24262
0000000000000000: 00000002 00000000 00010000 0001 01 20952 /var/snap/cups/common/run/cups.sock
0000000000000000: 00000002 00000000 00000000 0001 03 399453 /tmp/KIDs10qAeyJIIxytnH32C52l-TD-webview-109694
0000000000000000: 00000003 00000000 00000000 0001 03 51167 /run/user/1000/gvfsd/socket-vmNZf23B
0000000000000000: 00000003 00000000 00000000 0001 03 25176 /home/polloloco/.cache/ibus/dbus-XSCWxmu3
0000000000000000: 00000003 00000000 00000000 0001 03 29114 /run/systemd/journal/stdout
0000000000000000: 00000003 00000000 00000000 0001 03 28806
0000000000000000: 00000003 00000000 00000000 0001 03 14719 /run/dbus/system_bus_socket
0000000000000000: 00000003 00000000 00000000 0001 03 18567
0000000000000000: 00000002 00000000 00010000 0001 01 396005 /tmp/KIDs10qAeyJIIxytnH32C52l-TD-webview-109694
0000000000000000: 00000002 00000000 00000000 0002 03 21254
0000000000000000: 00000003 00000000 00000000 0001 03 392208 @/tmp/.X11-unix/X1
0000000000000000: 00000003 00000000 00000000 0001 03 27378 /run/user/1000/at-spi/bus
0000000000000000: 00000003 00000000 00000000 0002 03 18323
0000000000000000: 00000003 00000000 00000000 0001 03 21220
0000000000000000: 00000003 00000000 00000000 0001 03 27377
0000000000000000: 00000003 00000000 00000000 0001 03 27269 /run/user/1000/bus
0000000000000000: 00000002 00000000 00000000 0002 01 17634
0000000000000000: 00000003 00000000 00000000 0001 03 384879
0000000000000000: 00000003 00000000 00000000 0001 03 24203 /run/user/1000/bus
0000000000000000: 00000003 00000000 00000000 0001 03 13296
0000000000000000: 00000003 00000000 00000000 0005 03 457532
0000000000000000: 00000003 00000000 00000000 0001 03 21236
0000000000000000: 00000003 00000000 00000000 0001 03 434426
0000000000000000: 00000003 00000000 00000000 0001 03 23164
0000000000000000: 00000003 00000000 00000000 0001 03 27303
0000000000000000: 00000003 00000000 00000000 0001 03 26047 /run/dbus/system_bus_socket
0000000000000000: 00000003 00000000 00000000 0001 03 12054
0000000000000000: 00000003 00000000 00000000 0001 03 461734
0000000000000000: 00000003 00000000 00000000 0005 03 457551
0000000000000000: 00000003 00000000 00000000 0001 03 28227 /run/systemd/journal/stdout
0000000000000000: 00000003 00000000 00000000 0001 03 18694
0000000000000000: 00000003 00000000 00000000 0001 03 18543 /run/systemd/journal/stdout
0000000000000000: 00000002 00000000 00000000 0002 03 17564
0000000000000000: 00000003 00000000 00000000 0001 03 479682
0000000000000000: 00000003 00000000 00000000 0001 03 397677
0000000000000000: 00000003 00000000 00000000 0001 03 394893
0000000000000000: 00000003 00000000 00000000 0001 03 385947 /run/user/1000/bus
0000000000000000: 00000003 00000000 00000000 0005 03 457533
0000000000000000: 00000003 00000000 00000000 0001 03 24506 /run/user/1000/bus
0000000000000000: 00000003 00000000 00000000 0001 03 21232
0000000000000000: 00000003 00000000 00000000 0001 03 16806 /run/dbus/system_bus_socket
0000000000000000: 00000002 00000000 00000000 0002 03 14409
0000000000000000: 00000003 00000000 00000000 0001 03 384867 /run/user/1000/bus
0000000000000000: 00000003 00000000 00000000 0001 03 23180
0000000000000000: 00000003 00000000 00000000 0001 03 17650
0000000000000000: 00000003 00000000 00000000 0005 03 493488
0000000000000000: 00000003 00000000 00000000 0001 03 465207
0000000000000000: 00000003 00000000 00000000 0001 03 457699
0000000000000000: 00000003 00000000 00000000 0001 03 467240
0000000000000000: 00000002 00000000 00010000 0001 01 399470 /tmp/KIDs10qAeyJIIxytnH32C52l-TD-webview-110006
0000000000000000: 00000003 00000000 00000000 0001 03 29193
0000000000000000: 00000003 00000000 00000000 0001 03 27952 /run/systemd/journal/stdout
0000000000000000: 00000003 00000000 00000000 0001 03 18619 /run/dbus/system_bus_socket
0000000000000000: 00000003 00000000 00000000 0001 03 384880 /home/polloloco/.cache/ibus/dbus-XSCWxmu3
0000000000000000: 00000003 00000000 00000000 0001 03 37102
0000000000000000: 00000003 00000000 00000000 0001 03 12970 /run/containerd/containerd.sock
0000000000000000: 00000003 00000000 00000000 0005 03 460455
0000000000000000: 00000003 00000000 00000000 0001 03 23153
0000000000000000: 00000003 00000000 00000000 0001 03 27286
0000000000000000: 00000003 00000000 00000000 0001 03 25726
0000000000000000: 00000003 00000000 00000000 0001 03 37928
0000000000000000: 00000003 00000000 00000000 0001 03 11955 /run/systemd/journal/stdout
0000000000000000: 00000003 00000000 00000000 0001 03 467124
0000000000000000: 00000003 00000000 00000000 0001 03 390499
0000000000000000: 00000003 00000000 00000000 0001 03 30774
0000000000000000: 00000003 00000000 00000000 0001 03 29158
0000000000000000: 00000003 00000000 00000000 0001 03 37103
0000000000000000: 00000003 00000000 00000000 0001 03 27064 /run/systemd/journal/stdout
0000000000000000: 00000003 00000000 00000000 0001 03 24957
0000000000000000: 00000002 00000000 00000000 0002 03 14780
0000000000000000: 00000003 00000000 00000000 0001 03 13791 /run/systemd/journal/stdout
0000000000000000: 00000003 00000000 00000000 0001 03 460464
0000000000000000: 00000003 00000000 00000000 0001 03 27375
0000000000000000: 00000003 00000000 00000000 0001 03 23166
0000000000000000: 00000002 00000000 00000000 0002 03 28748
0000000000000000: 00000003 00000000 00000000 0005 03 493509
0000000000000000: 00000003 00000000 00000000 0001 03 29750 /run/user/1000/bus
0000000000000000: 00000003 00000000 00000000 0001 03 28229 /run/systemd/journal/stdout
0000000000000000: 00000003 00000000 00000000 0001 03 21187
0000000000000000: 00000003 00000000 00000000 0001 03 18845
0000000000000000: 00000003 00000000 00000000 0005 03 494374
0000000000000000: 00000003 00000000 00000000 0001 03 397656
0000000000000000: 00000003 00000000 00000000 0001 03 23070 /run/dbus/system_bus_socket
0000000000000000: 00000002 00000000 00010000 0001 01 17872 /var/snap/canonical-livepatch/359/livepatchd-priv.sock
0000000000000000: 00000003 00000000 00000000 0001 03 388644
0000000000000000: 00000002 00000000 00010000 0001 01 16918 /var/snap/canonical-livepatch/359/livepatchd.sock
0000000000000000: 00000003 00000000 00000000 0001 03 14661 /run/systemd/journal/stdout
0000000000000000: 00000003 00000000 00000000 0001 03 459858
0000000000000000: 00000003 00000000 00000000 0001 03 27313
0000000000000000: 00000003 00000000 00000000 0001 03 23122
0000000000000000: 00000003 00000000 00000000 0002 03 25975
0000000000000000: 00000003 00000000 00000000 0001 03 12237
0000000000000000: 00000003 00000000 00000000 0001 03 475940 /run/user/1000/bus
0000000000000000: 00000003 00000000 00000000 0001 03 396660 /run/user/1000/bus
0000000000000000: 00000003 00000000 00000000 0001 03 28246 /run/user/1000/bus
0000000000000000: 00000003 00000000 00000000 0001 03 21184
0000000000000000: 00000003 00000000 00000000 0001 03 18621
0000000000000000: 00000003 00000000 00000000 0001 03 29138
0000000000000000: 00000003 00000000 00000000 0001 03 14779
0000000000000000: 00000003 00000000 00000000 0005 03 457515
0000000000000000: 00000003 00000000 00000000 0001 03 24491 /run/user/1000/bus
0000000000000000: 00000003 00000000 00000000 0001 03 21224
0000000000000000: 00000003 00000000 00000000 0001 03 23142
0000000000000000: 00000003 00000000 00000000 0005 03 457541
0000000000000000: 00000003 00000000 00000000 0001 03 21164
0000000000000000: 00000003 00000000 00000000 0001 03 11870 /run/dbus/system_bus_socket
0000000000000000: 00000002 00000000 00000000 0002 03 17617
0000000000000000: 00000003 00000000 00000000 0001 03 14659 /run/systemd/journal/stdout
0000000000000000: 00000003 00000000 00000000 0001 03  5954
0000000000000000: 00000003 00000000 00000000 0005 03 465398
0000000000000000: 00000003 00000000 00000000 0001 03 463176 /run/user/1000/pulse/native
0000000000000000: 00000003 00000000 00000000 0001 03 463173
0000000000000000: 00000002 00000000 00000000 0002 01 457519
0000000000000000: 00000003 00000000 00000000 0001 03 29173
0000000000000000: 00000002 00000000 00010000 0001 01  5675 /run/systemd/io.systemd.sysext
0000000000000000: 00000003 00000000 00000000 0001 03 463178
0000000000000000: 00000003 00000000 00000000 0005 03 460435
0000000000000000: 00000003 00000000 00000000 0001 03 460411
0000000000000000: 00000003 00000000 00000000 0001 03 27351
0000000000000000: 00000003 00000000 00000000 0001 03 23148
0000000000000000: 00000002 00000000 00010000 0001 01 12787 /var/run/postgresql/.s.PGSQL.5432
0000000000000000: 00000003 00000000 00000000 0001 03  7063
0000000000000000: 00000003 00000000 00000000 0001 03 465206
0000000000000000: 00000003 00000000 00000000 0001 03 462943 /run/dbus/system_bus_socket
0000000000000000: 00000003 00000000 00000000 0001 03 384876 @/tmp/.X11-unix/X1
0000000000000000: 00000003 00000000 00000000 0001 03 28276 /run/user/1000/bus
0000000000000000: 00000003 00000000 00000000 0001 03 21889 /run/systemd/journal/stdout
0000000000000000: 00000003 00000000 00000000 0001 03 26043 /run/dbus/system_bus_socket
0000000000000000: 00000003 00000000 00000000 0001 03 24199
0000000000000000: 00000003 00000000 00000000 0001 03 15052
0000000000000000: 00000003 00000000 00000000 0001 03 14717 /run/dbus/system_bus_socket
0000000000000000: 00000003 00000000 00000000 0001 03 29748 /run/user/1000/bus
0000000000000000: 00000003 00000000 00000000 0001 03 30772 /run/systemd/journal/stdout
0000000000000000: 00000003 00000000 00000000 0001 03 21242
0000000000000000: 00000003 00000000 00000000 0001 03 460431
0000000000000000: 00000003 00000000 00000000 0001 03 390489 /run/user/1000/at-spi/bus
0000000000000000: 00000003 00000000 00000000 0001 03 12026
0000000000000000: 00000003 00000000 00000000 0001 03 28275 /run/dbus/system_bus_socket
0000000000000000: 00000003 00000000 00000000 0001 03 28253 /run/systemd/journal/stdout
0000000000000000: 00000003 00000000 00000000 0001 03 28884
0000000000000000: 00000003 00000000 00000000 0001 03 18794
0000000000000000: 00000002 00000000 00010000 0001 01 18702 /run/containerd/containerd.sock.ttrpc
0000000000000000: 00000003 00000000 00000000 0001 03 494389
0000000000000000: 00000003 00000000 00000000 0001 03 53991 /run/user/1000/gvfsd/socket-zGMHQ3Eq
0000000000000000: 00000002 00000000 00010000 0001 01 18704 /run/containerd/containerd.sock
0000000000000000: 00000003 00000000 00000000 0001 03 14718
0000000000000000: 00000003 00000000 00000000 0001 03 456100 /run/user/1000/at-spi/bus
0000000000000000: 00000003 00000000 00000000 0001 03 27358 /run/dbus/system_bus_socket
0000000000000000: 00000003 00000000 00000000 0001 03 24988
0000000000000000: 00000003 00000000 00000000 0001 03 384817
0000000000000000: 00000003 00000000 00000000 0001 03 32407 /run/systemd/journal/stdout
0000000000000000: 00000003 00000000 00000000 0001 03 27348
0000000000000000: 00000003 00000000 00000000 0002 03  6002
0000000000000000: 00000003 00000000 00000000 0001 03 388655
0000000000000000: 00000003 00000000 00000000 0001 03 29231 /run/user/1000/pulse/native
0000000000000000: 00000003 00000000 00000000 0001 03 494377
0000000000000000: 00000003 00000000 00000000 0001 03 467241
0000000000000000: 00000003 00000000 00000000 0001 03 390497
0000000000000000: 00000003 00000000 00000000 0001 03 29210
0000000000000000: 00000003 00000000 00000000 0001 03 22241 /run/user/1000/bus
0000000000000000: 00000003 00000000 00000000 0001 03 14852
0000000000000000: 00000003 00000000 00000000 0001 03 388641 /run/systemd/journal/stdout
0000000000000000: 00000003 00000000 00000000 0005 03 460456
0000000000000000: 00000003 00000000 00000000 0001 03 27314
0000000000000000: 00000003 00000000 00000000 0002 03  6001
0000000000000000: 00000003 00000000 00000000 0001 03 21168
0000000000000000: 00000003 00000000 00000000 0001 03 14662 /run/systemd/journal/stdout
0000000000000000: 00000003 00000000 00000000 0001 03 14658 /run/systemd/journal/stdout
0000000000000000: 00000003 00000000 00000000 0001 03 494388
0000000000000000: 00000003 00000000 00000000 0001 03 465271
0000000000000000: 00000003 00000000 00000000 0001 03 463034
0000000000000000: 00000003 00000000 00000000 0001 03 29171
0000000000000000: 00000003 00000000 00000000 0001 03 37099
0000000000000000: 00000003 00000000 00000000 0001 03 23154 /run/user/1000/bus
0000000000000000: 00000003 00000000 00000000 0001 03 27357
0000000000000000: 00000003 00000000 00000000 0001 03 29151 /run/user/1000/bus
0000000000000000: 00000003 00000000 00000000 0005 03 500089
0000000000000000: 00000003 00000000 00000000 0001 03 475941 /run/user/1000/at-spi/bus
0000000000000000: 00000003 00000000 00000000 0001 03 457698
0000000000000000: 00000003 00000000 00000000 0001 03 387994
0000000000000000: 00000003 00000000 00000000 0001 03 29230 /run/user/1000/pipewire-0
0000000000000000: 00000003 00000000 00000000 0001 03 28803
0000000000000000: 00000003 00000000 00000000 0001 03 27904 /run/systemd/journal/stdout
0000000000000000: 00000003 00000000 00000000 0001 03 21174
0000000000000000: 00000003 00000000 00000000 0001 03 18498
0000000000000000: 00000003 00000000 00000000 0001 03 11565 /run/systemd/io.systemd.ManagedOOM
0000000000000000: 00000003 00000000 00000000 0001 03 502037
0000000000000000: 00000003 00000000 00000000 0001 03 29148
0000000000000000: 00000003 00000000 00000000 0001 03 27315 /run/dbus/system_bus_socket
0000000000000000: 00000002 00000000 00000000 0002 01 29165
0000000000000000: 00000003 00000000 00000000 0001 03 21227
0000000000000000: 00000003 00000000 00000000 0001 03 456597 /run/user/1000/bus
0000000000000000: 00000003 00000000 00000000 0001 03 27312
0000000000000000: 00000003 00000000 00000000 0005 03 500088
0000000000000000: 00000003 00000000 00000000 0001 03 399408
0000000000000000: 00000003 00000000 00000000 0001 03 24489 /run/user/1000/bus
0000000000000000: 00000003 00000000 00000000 0001 03 21015
0000000000000000: 00000003 00000000 00000000 0001 03 20980 /run/dbus/system_bus_socket
0000000000000000: 00000003 00000000 00000000 0001 03 18618
0000000000000000: 00000003 00000000 00000000 0005 03 458282
0000000000000000: 00000002 00000000 00000000 0002 01 25974 /run/user/1000/systemd/notify
0000000000000000: 00000003 00000000 00000000 0001 03 14416
0000000000000000: 00000003 00000000 00000000 0001 03 458428 /run/user/1000/pipewire-0
0000000000000000: 00000003 00000000 00000000 0001 03 24974
0000000000000000: 00000002 00000000 00010000 0001 01 25977 /run/user/1000/systemd/private
0000000000000000: 00000002 00000000 00000000 0002 03 14752
0000000000000000: 00000003 00000000 00000000 0005 03 460434
0000000000000000: 00000003 00000000 00000000 0001 03 27273
0000000000000000: 00000002 00000000 00010000 0001 01 25984 /run/user/1000/bus
0000000000000000: 00000003 00000000 00000000 0001 03 17597
0000000000000000: 00000003 00000000 00000000 0001 03 388659
0000000000000000: 00000003 00000000 00000000 0001 03 25927
0000000000000000: 00000003 00000000 00000000 0001 03 29163
0000000000000000: 00000003 00000000 00000000 0001 03 24111
0000000000000000: 00000003 00000000 00000000 0001 03 13177
0000000000000000: 00000003 00000000 00000000 0001 03 12616 /run/systemd/journal/stdout
0000000000000000: 00000003 00000000 00000000 0001 03 391233 @/tmp/.X11-unix/X1
0000000000000000: 00000003 00000000 00000000 0001 03 28363 /run/user/1000/at-spi/bus
0000000000000000: 00000002 00000000 00010000 0001 01 25986 /run/user/1000/gnupg/S.dirmngr
0000000000000000: 00000002 00000000 00000000 0002 03 24124
0000000000000000: 00000003 00000000 00000000 0001 03 34423 /run/user/1000/wayland-0
0000000000000000: 00000003 00000000 00000000 0001 03 12049
0000000000000000: 00000003 00000000 00000000 0001 03 17627
0000000000000000: 00000003 00000000 00000000 0001 03 28226 /run/systemd/journal/stdout
0000000000000000: 00000002 00000000 00010000 0001 01 25988 /run/user/1000/gcr/ssh
0000000000000000: 00000003 00000000 00000000 0001 03 21181
0000000000000000: 00000003 00000000 00000000 0001 03 15053 /run/systemd/journal/stdout
0000000000000000: 00000003 00000000 00000000 0001 03 396681 /run/user/1000/pipewire-0
0000000000000000: 00000003 00000000 00000000 0001 03 30775
0000000000000000: 00000003 00000000 00000000 0001 03 18029
0000000000000000: 00000003 00000000 00000000 0001 03 20476 /run/dbus/system_bus_socket
0000000000000000: 00000003 00000000 00000000 0001 03 457522
0000000000000000: 00000003 00000000 00000000 0001 03 29222 /home/polloloco/.cache/ibus/dbus-XSCWxmu3
0000000000000000: 00000002 00000000 00010000 0001 01 25990 /run/user/1000/keyring/control
0000000000000000: 00000003 00000000 00000000 0002 03 18322
0000000000000000: 00000003 00000000 00000000 0001 03 459853
0000000000000000: 00000003 00000000 00000000 0001 03 23107
0000000000000000: 00000002 00000000 00010000 0001 01 25992 /run/user/1000/gnupg/S.gpg-agent.browser
0000000000000000: 00000003 00000000 00000000 0001 03 12202
0000000000000000: 00000003 00000000 00000000 0002 03  6003
0000000000000000: 00000002 00000000 00000000 0005 03 470999
0000000000000000: 00000003 00000000 00000000 0001 03 24521 /run/systemd/journal/stdout
0000000000000000: 00000002 00000000 00010000 0001 01 25994 /run/user/1000/gnupg/S.gpg-agent.extra
0000000000000000: 00000003 00000000 00000000 0001 03 21167
0000000000000000: 00000003 00000000 00000000 0002 03 17538
0000000000000000: 00000003 00000000 00000000 0005 03 494375
0000000000000000: 00000002 00000000 00000000 0001 03 432000
0000000000000000: 00000003 00000000 00000000 0001 03 24201
0000000000000000: 00000003 00000000 00000000 0001 03 12694
0000000000000000: 00000003 00000000 00000000 0001 03 14657
0000000000000000: 00000003 00000000 00000000 0001 03 456099 /run/user/1000/bus
0000000000000000: 00000003 00000000 00000000 0001 03 27255 /run/dbus/system_bus_socket
0000000000000000: 00000002 00000000 00010000 0001 01 25996 /run/user/1000/gnupg/S.gpg-agent
0000000000000000: 00000003 00000000 00000000 0001 03 21238
0000000000000000: 00000002 00000000 00000000 0002 03  8461
0000000000000000: 00000003 00000000 00000000 0001 03 23167
0000000000000000: 00000003 00000000 00000000 0001 03 24245
0000000000000000: 00000003 00000000 00000000 0001 03 22223 /run/user/1000/bus
0000000000000000: 00000002 00000000 00010000 0001 01 25998 /run/user/1000/gnupg/S.keyboxd
0000000000000000: 00000003 00000000 00000000 0001 03 340884
0000000000000000: 00000003 00000000 00000000 0001 03 28812
0000000000000000: 00000003 00000000 00000000 0001 03 18622
0000000000000000: 00000002 00000000 00000000 0002 01 17649
0000000000000000: 00000003 00000000 00000000 0005 03 458328
0000000000000000: 00000003 00000000 00000000 0001 03 30778
0000000000000000: 00000003 00000000 00000000 0001 03 29113
0000000000000000: 00000002 00000000 00010000 0001 01 26000 /run/user/1000/pulse/native
0000000000000000: 00000003 00000000 00000000 0001 03 30777 /run/systemd/journal/stdout
0000000000000000: 00000003 00000000 00000000 0001 03 25188 /run/user/1000/bus
0000000000000000: 00000002 00000000 00000000 0002 01 29136
0000000000000000: 00000002 00000000 00010000 0001 01 26002 /run/user/1000/pipewire-0
0000000000000000: 00000003 00000000 00000000 0001 03 21221
0000000000000000: 00000003 00000000 00000000 0001 03 15035 /run/systemd/journal/stdout
0000000000000000: 00000003 00000000 00000000 0002 03 10357 /run/systemd/notify
0000000000000000: 00000003 00000000 00000000 0001 03 456565 /run/systemd/journal/stdout
0000000000000000: 00000003 00000000 00000000 0001 03 388012
0000000000000000: 00000002 00000000 00010000 0001 01 26004 /run/user/1000/pipewire-0-manager
0000000000000000: 00000003 00000000 00000000 0001 03 17619
0000000000000000: 00000002 00000000 00010000 0001 01 10360 /run/systemd/private
0000000000000000: 00000003 00000000 00000000 0001 03 390501 /run/user/1000/bus
0000000000000000: 00000003 00000000 00000000 0001 03 28817
0000000000000000: 00000002 00000000 00010000 0001 01 26006 /run/user/1000/pk-debconf-socket
0000000000000000: 00000003 00000000 00000000 0001 03 21178
0000000000000000: 00000002 00000000 00010000 0001 01 17514 /run/avahi-daemon/socket
0000000000000000: 00000003 00000000 00000000 0001 03 496736
0000000000000000: 00000002 00000000 00010000 0001 01 26008 /run/user/1000/snapd-session-agent.socket
0000000000000000: 00000003 00000000 00000000 0001 03 12959
0000000000000000: 00000003 00000000 00000000 0001 03 16808 /run/dbus/system_bus_socket
0000000000000000: 00000003 00000000 00000000 0001 03 15065
0000000000000000: 00000002 00000000 00010000 0001 01 10362 /run/systemd/userdb/io.systemd.DynamicUser
0000000000000000: 00000003 00000000 00000000 0001 03 37100
0000000000000000: 00000002 00000000 00010000 0001 01 10363 /run/systemd/io.systemd.ManagedOOM
0000000000000000: 00000003 00000000 00000000 0001 03 460477
0000000000000000: 00000003 00000000 00000000 0001 03 27271
0000000000000000: 00000002 00000000 00010000 0001 01 26010 /run/user/1000/speech-dispatcher/speechd.sock
0000000000000000: 00000003 00000000 00000000 0002 03 25976
0000000000000000: 00000002 00000000 00000000 0002 03 18533
0000000000000000: 00000003 00000000 00000000 0001 03 17633
0000000000000000: 00000002 00000000 00010000 0001 01 17518 /run/dbus/system_bus_socket
0000000000000000: 00000003 00000000 00000000 0005 03 493510
0000000000000000: 00000003 00000000 00000000 0001 03 396038 /run/dbus/system_bus_socket
0000000000000000: 00000003 00000000 00000000 0001 03 27294 /run/systemd/journal/stdout
0000000000000000: 00000003 00000000 00000000 0001 03 28943
0000000000000000: 00000002 00000000 00010000 0001 01 26018 /run/user/1000/gnupg/S.gpg-agent.ssh
0000000000000000: 00000002 00000000 00000000 0002 03 22761
0000000000000000: 00000002 00000000 00010000 0001 01 17519 /run/docker.sock
0000000000000000: 00000003 00000000 00000000 0001 03 479677
0000000000000000: 00000003 00000000 00000000 0001 03 463035
0000000000000000: 00000002 00000000 00010000 0001 01 17521 /run/snapd.socket
0000000000000000: 00000003 00000000 00000000 0005 03 457514
0000000000000000: 00000003 00000000 00000000 0001 03 25239 /run/user/1000/pulse/native
0000000000000000: 00000003 00000000 00000000 0001 03 28265 /run/systemd/journal/stdout
0000000000000000: 00000003 00000000 00000000 0001 03 24975
0000000000000000: 00000003 00000000 00000000 0001 03 21223
0000000000000000: 00000003 00000000 00000000 0001 03 12046 /run/dbus/system_bus_socket
0000000000000000: 00000002 00000000 00010000 0001 01 17523 /run/snapd-snap.socket
0000000000000000: 00000002 00000000 00000000 0002 01 10377 /run/systemd/journal/syslog
0000000000000000: 00000003 00000000 00000000 0005 03 460474
0000000000000000: 00000003 00000000 00000000 0001 03 388016
0000000000000000: 00000003 00000000 00000000 0001 03 17612
0000000000000000: 00000002 00000000 00010000 0001 01 10379 /run/systemd/fsck.progress
0000000000000000: 00000003 00000000 00000000 0001 03 477092 /run/user/1000/bus
0000000000000000: 00000002 00000000 00000000 0001 03 387996
0000000000000000: 00000003 00000000 00000000 0001 03 24455 /run/systemd/journal/stdout
0000000000000000: 00000003 00000000 00000000 0001 03 28231
0000000000000000: 00000002 00000000 00010000 0001 01 17524 /run/uuidd/request
0000000000000000: 00000003 00000000 00000000 0001 03 494376
0000000000000000: 00000003 00000000 00000000 0001 03 496737
0000000000000000: 00000003 00000000 00000000 0001 03 390498
0000000000000000: 00000003 00000000 00000000 0001 03 24520
0000000000000000: 00000003 00000000 00000000 0001 03 14684
0000000000000000: 00000014 00000000 00000000 0002 03 10381 /run/systemd/journal/dev-log
0000000000000000: 00000003 00000000 00000000 0001 03 28362 /run/user/1000/at-spi/bus
0000000000000000: 00000003 00000000 00000000 0001 03 21235
0000000000000000: 00000003 00000000 00000000 0001 03 11900 /run/dbus/system_bus_socket
0000000000000000: 00000009 00000000 00000000 0002 03 10383 /run/systemd/journal/socket
0000000000000000: 00000003 00000000 00000000 0001 03 388010
0000000000000000: 00000003 00000000 00000000 0001 03 23177
0000000000000000: 00000002 00000000 00010000 0001 01 28951 /tmp/.ICE-unix/3988
0000000000000000: 00000002 00000000 00010000 0001 01 10385 /run/systemd/journal/stdout
0000000000000000: 00000002 00000000 00010000 0001 01 28093 /tmp/.X11-unix/X0
0000000000000000: 00000003 00000000 00000000 0001 03 21182
0000000000000000: 00000003 00000000 00000000 0001 03 21523 /run/dbus/system_bus_socket
0000000000000000: 00000003 00000000 00000000 0001 03 458230
0000000000000000: 00000003 00000000 00000000 0001 03 29190
0000000000000000: 00000002 00000000 00010000 0001 01 28095 /tmp/.X11-unix/X1
0000000000000000: 00000003 00000000 00000000 0001 03 12736
0000000000000000: 00000002 00000000 00010000 0001 01 10387 /run/systemd/oom/io.systemd.ManagedOOM
0000000000000000: 00000003 00000000 00000000 0001 03 461112 /run/user/1000/wayland-0
0000000000000000: 00000003 00000000 00000000 0005 03 457517
0000000000000000: 00000003 00000000 00000000 0001 03 24985
0000000000000000: 00000003 00000000 00000000 0001 03 21233
0000000000000000: 00000003 00000000 00000000 0001 03 12938 /run/dbus/system_bus_socket
0000000000000000: 00000002 00000000 00010000 0005 01 10389 /run/udev/control
0000000000000000: 00000002 00000000 00010000 0001 01 437394 /run/cups/cups.sock
0000000000000000: 00000003 00000000 00000000 0001 03 27268
0000000000000000: 00000003 00000000 00000000 0005 03 457540
0000000000000000: 00000003 00000000 00000000 0001 03 28882
0000000000000000: 00000003 00000000 00000000 0001 03 479678
0000000000000000: 00000003 00000000 00000000 0005 03 465397
0000000000000000: 00000003 00000000 00000000 0001 03 463172
0000000000000000: 00000003 00000000 00000000 0001 03 397636
0000000000000000: 00000003 00000000 00000000 0001 03 341708 /run/snapd-snap.socket
0000000000000000: 00000003 00000000 00000000 0001 03 30747
0000000000000000: 00000003 00000000 00000000 0001 03 29149
0000000000000000: 00000002 00000000 00010000 0001 01 27974 /run/user/1000/keyring/pkcs11
0000000000000000: 00000003 00000000 00000000 0001 03 23178 /run/user/1000/wayland-0
0000000000000000: 00000003 00000000 00000000 0001 03 30755 /run/systemd/journal/stdout
0000000000000000: 00000003 00000000 00000000 0001 03 24989
0000000000000000: 00000003 00000000 00000000 0001 03 21229
0000000000000000: 00000003 00000000 00000000 0005 03 460462
0000000000000000: 00000003 00000000 00000000 0001 03 459857
0000000000000000: 00000003 00000000 00000000 0001 03 12048
0000000000000000: 00000003 00000000 00000000 0001 03 17628
0000000000000000: 00000003 00000000 00000000 0001 03 478054 /run/user/1000/wayland-0
0000000000000000: 00000003 00000000 00000000 0001 03 460632 /run/user/1000/speech-dispatcher/speechd.sock
0000000000000000: 00000003 00000000 00000000 0001 03 395988 /run/user/1000/wayland-0
0000000000000000: 00000003 00000000 00000000 0001 03 29174 /run/dbus/system_bus_socket
0000000000000000: 00000003 00000000 00000000 0001 03 21175
0000000000000000: 00000003 00000000 00000000 0001 03 11930 /run/dbus/system_bus_socket
0000000000000000: 00000003 00000000 00000000 0001 03 24504
0000000000000000: 00000003 00000000 00000000 0001 03 26089 /run/systemd/journal/stdout
0000000000000000: 00000003 00000000 00000000 0001 03 24182
0000000000000000: 00000003 00000000 00000000 0001 03 24439 /run/dbus/system_bus_socket
0000000000000000: 00000003 00000000 00000000 0001 03 21241
0000000000000000: 00000003 00000000 00000000 0001 03 23179
0000000000000000: 00000003 00000000 00000000 0001 03 26048 /run/dbus/system_bus_socket
0000000000000000: 00000003 00000000 00000000 0005 03 457552
0000000000000000: 00000003 00000000 00000000 0001 03 27936 /run/systemd/journal/stdout
0000000000000000: 00000003 00000000 00000000 0001 03 463174
0000000000000000: 00000003 00000000 00000000 0001 03 384887 @/tmp/.X11-unix/X1
0000000000000000: 00000003 00000000 00000000 0001 03 29198
0000000000000000: 00000003 00000000 00000000 0001 03 30752 /run/user/1000/wayland-0
0000000000000000: 00000003 00000000 00000000 0001 03 25046 /run/user/1000/bus
0000000000000000: 00000003 00000000 00000000 0001 03 431975 /run/systemd/journal/stdout
0000000000000000: 00000003 00000000 00000000 0001 03 29742 /run/user/1000/pipewire-0
0000000000000000: 00000003 00000000 00000000 0001 03 23158 /run/user/1000/bus
0000000000000000: 00000002 00000000 00000000 0002 01 24202
0000000000000000: 00000003 00000000 00000000 0001 03 24240
0000000000000000: 00000002 00000000 00000000 0002 03  5995
0000000000000000: 00000003 00000000 00000000 0001 03 501110 /run/user/1000/at-spi/bus
0000000000000000: 00000003 00000000 00000000 0001 03 392205 /run/user/1000/bus
0000000000000000: 00000003 00000000 00000000 0001 03 52085
0000000000000000: 00000003 00000000 00000000 0001 03 29139 /run/user/1000/bus
0000000000000000: 00000003 00000000 00000000 0001 03 21165
0000000000000000: 00000003 00000000 00000000 0001 03 467125
0000000000000000: 00000003 00000000 00000000 0001 03 465351
0000000000000000: 00000002 00000000 00000000 0002 03 24973
0000000000000000: 00000003 00000000 00000000 0001 03 21226
0000000000000000: 00000003 00000000 00000000 0001 03 53022
0000000000000000: 00000003 00000000 00000000 0001 03 23185
0000000000000000: 00000003 00000000 00000000 0001 03 27939 /run/systemd/journal/stdout
0000000000000000: 00000003 00000000 00000000 0001 03 12045
0000000000000000: 00000003 00000000 00000000 0001 03 17618
0000000000000000: 00000003 00000000 00000000 0005 03 493489
0000000000000000: 00000003 00000000 00000000 0001 03 24987 /run/user/1000/bus
0000000000000000: 00000003 00000000 00000000 0001 03 21185
0000000000000000: 00000003 00000000 00000000 0001 03 18633 /run/dbus/system_bus_socket
0000000000000000: 00000003 00000000 00000000 0001 03 24485
0000000000000000: 00000003 00000000 00000000 0001 03 29166
0000000000000000: 00000003 00000000 00000000 0001 03 26046 /run/dbus/system_bus_socket
0000000000000000: 00000003 00000000 00000000 0001 03 20895 /run/dbus/system_bus_socket
0000000000000000: 00000003 00000000 00000000 0005 03 457518
0000000000000000: 00000003 00000000 00000000 0001 03 388645
0000000000000000: 00000003 00000000 00000000 0001 03 29737 /run/user/1000/bus
0000000000000000: 00000003 00000000 00000000 0001 03 28245 /run/user/1000/bus
0000000000000000: 00000003 00000000 00000000 0001 03 26118 /run/dbus/system_bus_socket
0000000000000000: 00000003 00000000 00000000 0001 03 21239
0000000000000000: 00000002 00000000 00010000 0001 01  8458 /run/systemd/journal/io.systemd.journal
0000000000000000: 00000003 00000000 00000000 0001 03 388015
0000000000000000: 00000003 00000000 00000000 0001 03 27430
0000000000000000: 00000003 00000000 00000000 0001 03 482848 /run/dbus/system_bus_socket
0000000000000000: 00000003 00000000 00000000 0001 03 391248 /run/user/1000/at-spi/bus
0000000000000000: 00000003 00000000 00000000 0001 03 28230 /run/systemd/journal/stdout
0000000000000000: 00000003 00000000 00000000 0001 03 28946
0000000000000000: 00000003 00000000 00000000 0001 03 27953 /run/systemd/journal/stdout
0000000000000000: 00000003 00000000 00000000 0001 03 21389 /run/containerd/containerd.sock.ttrpc
0000000000000000: 00000003 00000000 00000000 0001 03 21172
0000000000000000: 00000003 00000000 00000000 0005 03 458281
0000000000000000: 00000003 00000000 00000000 0001 03 30746
0000000000000000: 00000003 00000000 00000000 0001 03 12409 /run/systemd/journal/stdout
0000000000000000: 00000003 00000000 00000000 0001 03 28367 /run/user/1000/bus
0000000000000000: 00000002 00000000 00010000 0001 01 28962 /run/user/1000/keyring/ssh
0000000000000000: 00000003 00000000 00000000 0001 03 12406 /run/systemd/journal/stdout
0000000000000000: 00000002 00000000 00000000 0002 03 459810
0000000000000000: 00000003 00000000 00000000 0001 03 28808
0000000000000000: 00000003 00000000 00000000 0001 03 17559 /run/systemd/journal/stdout
0000000000000000: 00000003 00000000 00000000 0001 03 465270
0000000000000000: 00000003 00000000 00000000 0005 03 458329
0000000000000000: 00000003 00000000 00000000 0001 03 29170
0000000000000000: 00000003 00000000 00000000 0001 03 15068 /run/systemd/journal/stdout
0000000000000000: 00000003 00000000 00000000 0001 03 12704
0000000000000000: 00000003 00000000 00000000 0001 03 28372 /run/user/1000/pipewire-0
0000000000000000: 00000003 00000000 00000000 0001 03 30760 /run/systemd/journal/stdout
0000000000000000: 00000002 00000000 00000000 0002 01 24210
0000000000000000: 00000003 00000000 00000000 0001 03 21230
0000000000000000: 00000003 00000000 00000000 0001 03 16662 /run/dbus/system_bus_socket
0000000000000000: 00000003 00000000 00000000 0001 03 459854
0000000000000000: 00000003 00000000 00000000 0001 03 463943
0000000000000000: 00000003 00000000 00000000 0001 03 387995
0000000000000000: 00000003 00000000 00000000 0001 03 24456 /run/systemd/journal/stdout
0000000000000000: 00000002 00000000 00010000 0001 01 27175 /run/user/1000/at-spi/bus
0000000000000000: 00000003 00000000 00000000 0001 03 28933
0000000000000000: 00000003 00000000 00000000 0001 03 479679
0000000000000000: 00000003 00000000 00000000 0001 03 24488
0000000000000000: 00000003 00000000 00000000 0001 03 18041 /run/containerd/containerd.sock
0000000000000000: 00000003 00000000 00000000 0001 03 384818 /run/user/1000/bus
0000000000000000: 00000003 00000000 00000000 0001 03 29309 /run/systemd/journal/stdout
0000000000000000: 00000003 00000000 00000000 0001 03 30773 /run/systemd/journal/stdout
0000000000000000: 00000003 00000000 00000000 0001 03 460463
0000000000000000: 00000003 00000000 00000000 0001 03 460410 /run/user/1000/snap.firefox/wayland-proxy-130022
0000000000000000: 00000003 00000000 00000000 0001 03 37927 /run/user/1000/wayland-0
0000000000000000: 00000003 00000000 00000000 0001 03 23186
0000000000000000: 00000003 00000000 00000000 0002 03  6000
0000000000000000: 00000003 00000000 00000000 0001 03 398693 /run/user/1000/bus
0000000000000000: 00000003 00000000 00000000 0001 03 24486 /run/systemd/journal/stdout
0000000000000000: 00000003 00000000 00000000 0001 03 26313 /run/user/1000/bus
0000000000000000: 00000003 00000000 00000000 0001 03 21171
0000000000000000: 00000003 00000000 00000000 0001 03 24204 /run/user/1000/pipewire-0
0000000000000000: 00000003 00000000 00000000 0001 03 22193 /run/gdm3/dbus/dbus-bUlHf9tj
0000000000000000: 00000002 00000000 00010000 0001 01 17028 /var/run/docker/metrics.sock
0000000000000000: 00000003 00000000 00000000 0001 03 14612
0000000000000000: 00000003 00000000 00000000 0001 03 35189
0000000000000000: 00000003 00000000 00000000 0001 03 25222
0000000000000000: 00000003 00000000 00000000 0001 03 27090
0000000000000000: 00000003 00000000 00000000 0001 03 25168
0000000000000000: 00000003 00000000 00000000 0001 03 24392 /run/systemd/journal/stdout
0000000000000000: 00000003 00000000 00000000 0001 03 28139 /run/systemd/journal/stdout
0000000000000000: 00000003 00000000 00000000 0001 03 17623 /run/dbus/system_bus_socket
0000000000000000: 00000003 00000000 00000000 0001 03 23159 /run/user/1000/bus
0000000000000000: 00000003 00000000 00000000 0001 03 30756 /run/user/1000/wayland-0
0000000000000000: 00000003 00000000 00000000 0001 03 26292
0000000000000000: 00000003 00000000 00000000 0001 03 27115 /run/user/1000/bus
0000000000000000: 00000003 00000000 00000000 0001 03 21209
0000000000000000: 00000003 00000000 00000000 0001 03 16726
0000000000000000: 00000003 00000000 00000000 0001 03 490429
0000000000000000: 00000003 00000000 00000000 0001 03 29781
0000000000000000: 00000003 00000000 00000000 0001 03 28204 /run/systemd/journal/stdout
0000000000000000: 00000003 00000000 00000000 0001 03 22343 /run/systemd/journal/stdout
0000000000000000: 00000003 00000000 00000000 0001 03 396621
0000000000000000: 00000002 00000000 00000000 0002 01 29223
0000000000000000: 00000003 00000000 00000000 0001 03 28228
0000000000000000: 00000003 00000000 00000000 0001 03 27053
0000000000000000: 00000003 00000000 00000000 0001 03 27016 /run/systemd/oom/io.systemd.ManagedOOM
0000000000000000: 00000003 00000000 00000000 0001 03 20231
0000000000000000: 00000003 00000000 00000000 0001 03 384868 /run/user/1000/bus
0000000000000000: 00000003 00000000 00000000 0001 03 23098 /run/dbus/system_bus_socket
0000000000000000: 00000002 00000000 00010000 0001 01 28096 /run/user/1000/wayland-0
0000000000000000: 00000003 00000000 00000000 0001 03 17712 /run/systemd/journal/stdout
0000000000000000: 00000003 00000000 00000000 0001 03 26254
0000000000000000: 00000003 00000000 00000000 0001 03 29049 /run/dbus/system_bus_socket
0000000000000000: 00000003 00000000 00000000 0001 03 21193
0000000000000000: 00000003 00000000 00000000 0001 03 34424
0000000000000000: 00000003 00000000 00000000 0001 03 29747
0000000000000000: 00000003 00000000 00000000 0001 03 28233
0000000000000000: 00000003 00000000 00000000 0001 03 26308
0000000000000000: 00000003 00000000 00000000 0001 03 28223 /run/dbus/system_bus_socket
0000000000000000: 00000003 00000000 00000000 0001 03 13928 /run/systemd/journal/stdout
0000000000000000: 00000003 00000000 00000000 0001 03 498218
0000000000000000: 00000002 00000000 00000000 0002 01 28366
0000000000000000: 00000003 00000000 00000000 0001 03 459120 /run/user/1000/at-spi/bus
0000000000000000: 00000003 00000000 00000000 0001 03 439073 /run/dbus/system_bus_socket
0000000000000000: 00000003 00000000 00000000 0001 03 397637 /run/user/1000/wayland-0
0000000000000000: 00000003 00000000 00000000 0001 03 26117 /run/user/1000/bus
0000000000000000: 00000003 00000000 00000000 0001 03 14635 /run/systemd/journal/stdout
0000000000000000: 00000003 00000000 00000000 0001 03 57486 /run/user/1000/bus
0000000000000000: 00000003 00000000 00000000 0001 03 28359 /run/user/1000/at-spi/bus
0000000000000000: 00000003 00000000 00000000 0001 03 28198 /run/systemd/journal/stdout
0000000000000000: 00000003 00000000 00000000 0001 03 26237
0000000000000000: 00000003 00000000 00000000 0001 03 22233
0000000000000000: 00000003 00000000 00000000 0001 03 21218
0000000000000000: 00000003 00000000 00000000 0001 03 498600 /run/user/1000/bus
0000000000000000: 00000003 00000000 00000000 0005 03 501070
0000000000000000: 00000003 00000000 00000000 0001 03 34425
0000000000000000: 00000003 00000000 00000000 0001 03 29743
0000000000000000: 00000003 00000000 00000000 0001 03 14740 /run/dbus/system_bus_socket
0000000000000000: 00000003 00000000 00000000 0001 03 495416
0000000000000000: 00000003 00000000 00000000 0001 03 20170
0000000000000000: 00000003 00000000 00000000 0001 03 29178 /run/user/1000/bus
0000000000000000: 00000003 00000000 00000000 0001 03 22509 /run/dbus/system_bus_socket
0000000000000000: 00000003 00000000 00000000 0001 03 25162
0000000000000000: 00000003 00000000 00000000 0001 03 27980 /run/systemd/journal/stdout
0000000000000000: 00000003 00000000 00000000 0001 03 22507
0000000000000000: 00000003 00000000 00000000 0001 03 22452 /run/systemd/journal/stdout
0000000000000000: 00000003 00000000 00000000 0001 03 16959
0000000000000000: 00000003 00000000 00000000 0001 03 28419
0000000000000000: 00000003 00000000 00000000 0001 03 29779
0000000000000000: 00000003 00000000 00000000 0001 03 22351 /run/systemd/journal/stdout
0000000000000000: 00000003 00000000 00000000 0001 03 25004
0000000000000000: 00000002 00000000 00000000 0005 03 497775
0000000000000000: 00000003 00000000 00000000 0005 03 462105
0000000000000000: 00000003 00000000 00000000 0001 03 462029
0000000000000000: 00000003 00000000 00000000 0001 03 392193
0000000000000000: 00000003 00000000 00000000 0001 03 33167
0000000000000000: 00000003 00000000 00000000 0001 03 24390
0000000000000000: 00000003 00000000 00000000 0001 03 27180
0000000000000000: 00000003 00000000 00000000 0001 03 27209 /run/user/1000/bus
0000000000000000: 00000003 00000000 00000000 0001 03 439075 /run/dbus/system_bus_socket
0000000000000000: 00000003 00000000 00000000 0001 03 27462 /run/dbus/system_bus_socket
0000000000000000: 00000003 00000000 00000000 0001 03 23176 /run/dbus/system_bus_socket
0000000000000000: 00000003 00000000 00000000 0001 03 28333 /run/user/1000/bus
0000000000000000: 00000003 00000000 00000000 0001 03 26291
0000000000000000: 00000002 00000000 00000000 0002 03 25060
0000000000000000: 00000003 00000000 00000000 0001 03 29823
0000000000000000: 00000003 00000000 00000000 0001 03 24206 /run/user/1000/pipewire-0
0000000000000000: 00000003 00000000 00000000 0001 03 26272 /run/systemd/journal/stdout
0000000000000000: 00000003 00000000 00000000 0001 03 27237
0000000000000000: 00000003 00000000 00000000 0001 03 498606 /run/user/1000/pulse/native
0000000000000000: 00000003 00000000 00000000 0005 03 461121
0000000000000000: 00000003 00000000 00000000 0001 03 22489 /run/user/1000/bus
0000000000000000: 00000003 00000000 00000000 0001 03 27950 /run/systemd/journal/stdout
0000000000000000: 00000003 00000000 00000000 0001 03 13921 /run/dbus/system_bus_socket
0000000000000000: 00000003 00000000 00000000 0001 03 501074
0000000000000000: 00000003 00000000 00000000 0001 03 37923 /run/user/1000/bus
0000000000000000: 00000003 00000000 00000000 0001 03 29254 /run/dbus/system_bus_socket
0000000000000000: 00000003 00000000 00000000 0001 03 11799
0000000000000000: 00000003 00000000 00000000 0001 03 26306
0000000000000000: 00000003 00000000 00000000 0001 03 23126 /run/user/1000/wayland-0
0000000000000000: 00000003 00000000 00000000 0001 03 29067
0000000000000000: 00000003 00000000 00000000 0001 03 24207 /run/user/1000/pipewire-0
0000000000000000: 00000002 00000000 00000000 0002 03 15753
0000000000000000: 00000003 00000000 00000000 0001 03 392973
0000000000000000: 00000003 00000000 00000000 0001 03 28056
0000000000000000: 00000003 00000000 00000000 0001 03 502036 /run/user/1000/bus
0000000000000000: 00000003 00000000 00000000 0001 03 22490 /run/user/1000/bus
0000000000000000: 00000003 00000000 00000000 0001 03 25095
0000000000000000: 00000003 00000000 00000000 0001 03 16663 /run/dbus/system_bus_socket
0000000000000000: 00000003 00000000 00000000 0001 03 27350 /home/polloloco/.cache/ibus/dbus-XSCWxmu3
0000000000000000: 00000003 00000000 00000000 0001 03 22466 /run/user/1000/bus
0000000000000000: 00000003 00000000 00000000 0001 03 22224
0000000000000000: 00000003 00000000 00000000 0001 03 21217
0000000000000000: 00000003 00000000 00000000 0001 03 29242
0000000000000000: 00000003 00000000 00000000 0001 03 26305
0000000000000000: 00000003 00000000 00000000 0001 03 29014 /run/systemd/journal/stdout
0000000000000000: 00000003 00000000 00000000 0001 03 24352 /run/user/1000/bus
0000000000000000: 00000003 00000000 00000000 0001 03 25051
0000000000000000: 00000003 00000000 00000000 0001 03 25926
0000000000000000: 00000002 00000000 00010000 0001 01 21166 public/pickup
0000000000000000: 00000002 00000000 00000000 0002 03 15473
0000000000000000: 00000003 00000000 00000000 0005 03 497842
0000000000000000: 00000003 00000000 00000000 0001 03 462031
0000000000000000: 00000003 00000000 00000000 0001 03 47214
0000000000000000: 00000003 00000000 00000000 0001 03 24409
0000000000000000: 00000003 00000000 00000000 0001 03 29050 /run/systemd/journal/stdout
0000000000000000: 00000003 00000000 00000000 0001 03 14049
0000000000000000: 00000003 00000000 00000000 0001 03 390490 /run/dbus/system_bus_socket
0000000000000000: 00000002 00000000 00010000 0001 01 21170 public/cleanup
0000000000000000: 00000003 00000000 00000000 0001 03 501073
0000000000000000: 00000003 00000000 00000000 0001 03 54784 /run/user/1000/at-spi/bus
0000000000000000: 00000003 00000000 00000000 0001 03 26252
0000000000000000: 00000003 00000000 00000000 0001 03 22342
0000000000000000: 00000003 00000000 00000000 0001 03 21205
0000000000000000: 00000002 00000000 00010000 0001 01 21173 public/qmgr
0000000000000000: 00000003 00000000 00000000 0001 03 29746
0000000000000000: 00000003 00000000 00000000 0001 03 29212
0000000000000000: 00000003 00000000 00000000 0001 03 29026
0000000000000000: 00000002 00000000 00010000 0001 01 21177 private/tlsmgr
0000000000000000: 00000003 00000000 00000000 0001 03 462030
0000000000000000: 00000003 00000000 00000000 0001 03 25233
0000000000000000: 00000003 00000000 00000000 0001 03 26257 /run/user/1000/bus
0000000000000000: 00000003 00000000 00000000 0001 03 28091
0000000000000000: 00000002 00000000 00010000 0001 01 21180 private/rewrite
0000000000000000: 00000003 00000000 00000000 0001 03 32975 /run/systemd/journal/stdout
0000000000000000: 00000003 00000000 00000000 0001 03 22495 /run/systemd/journal/stdout
0000000000000000: 00000003 00000000 00000000 0001 03 22297 /run/user/1000/bus
0000000000000000: 00000002 00000000 00010000 0001 01 21183 private/bounce
0000000000000000: 00000002 00000000 00000000 0002 01 11848
0000000000000000: 00000003 00000000 00000000 0001 03 21191
0000000000000000: 00000003 00000000 00000000 0001 03 472948
0000000000000000: 00000003 00000000 00000000 0001 03 22464 /run/user/1000/bus
0000000000000000: 00000003 00000000 00000000 0001 03 29029
0000000000000000: 00000003 00000000 00000000 0001 03 25925
0000000000000000: 00000002 00000000 00010000 0001 01 21186 private/defer
0000000000000000: 00000003 00000000 00000000 0001 03 498217
0000000000000000: 00000003 00000000 00000000 0001 03 465921
0000000000000000: 00000003 00000000 00000000 0001 03 430926
0000000000000000: 00000003 00000000 00000000 0001 03 28221
0000000000000000: 00000003 00000000 00000000 0001 03 27052
0000000000000000: 00000003 00000000 00000000 0001 03 396661 /run/user/1000/bus
0000000000000000: 00000003 00000000 00000000 0001 03 25090
0000000000000000: 00000003 00000000 00000000 0001 03 27996 /run/systemd/journal/stdout
0000000000000000: 00000002 00000000 00010000 0001 01 21189 private/trace
0000000000000000: 00000003 00000000 00000000 0002 03 10358
0000000000000000: 00000003 00000000 00000000 0001 03 501116
0000000000000000: 00000003 00000000 00000000 0001 03 27409 /run/user/1000/bus
0000000000000000: 00000003 00000000 00000000 0001 03 23160 /run/user/1000/bus
0000000000000000: 00000003 00000000 00000000 0001 03 21215
0000000000000000: 00000002 00000000 00010000 0001 01 21192 private/verify
0000000000000000: 00000003 00000000 00000000 0001 03 28371
0000000000000000: 00000003 00000000 00000000 0001 03 22487 /run/user/1000/bus
0000000000000000: 00000003 00000000 00000000 0001 03 29086
0000000000000000: 00000003 00000000 00000000 0001 03 25924
0000000000000000: 00000002 00000000 00010000 0001 01 21195 public/flush
0000000000000000: 00000003 00000000 00000000 0001 03 462013
0000000000000000: 00000003 00000000 00000000 0001 03 24411
0000000000000000: 00000002 00000000 00010000 0001 01 21198 private/proxymap
0000000000000000: 00000003 00000000 00000000 0001 03 15784
0000000000000000: 00000003 00000000 00000000 0001 03 455521 /run/user/1000/bus
0000000000000000: 00000003 00000000 00000000 0001 03 53024 /run/user/1000/gvfsd/socket-6a3pr2pO
0000000000000000: 00000003 00000000 00000000 0001 03 32974 /run/systemd/journal/stdout
0000000000000000: 00000002 00000000 00010000 0001 01 21201 private/proxywrite
0000000000000000: 00000003 00000000 00000000 0001 03 37101 /run/user/1000/bus
0000000000000000: 00000003 00000000 00000000 0001 03 27445
0000000000000000: 00000003 00000000 00000000 0001 03 28360 /run/user/1000/at-spi/bus
0000000000000000: 00000003 00000000 00000000 0001 03 27254
0000000000000000: 00000003 00000000 00000000 0001 03 28368
0000000000000000: 00000003 00000000 00000000 0001 03 29738
0000000000000000: 00000002 00000000 00000000 0002 01 28224
0000000000000000: 00000003 00000000 00000000 0001 03 26273 /run/systemd/journal/stdout
0000000000000000: 00000003 00000000 00000000 0001 03 12937 /run/dbus/system_bus_socket
0000000000000000: 00000003 00000000 00000000 0001 03 495415
0000000000000000: 00000003 00000000 00000000 0001 03 456659
0000000000000000: 00000003 00000000 00000000 0001 03 460936
0000000000000000: 00000003 00000000 00000000 0001 03 25234
0000000000000000: 00000003 00000000 00000000 0001 03 24369
0000000000000000: 00000003 00000000 00000000 0001 03 28108
0000000000000000: 00000002 00000000 00010000 0001 01 13126 /var/run/docker/libnetwork/cbc0145b3cb7.sock
0000000000000000: 00000003 00000000 00000000 0001 03 15383
0000000000000000: 00000003 00000000 00000000 0005 03 461216
0000000000000000: 00000003 00000000 00000000 0001 03 34120
0000000000000000: 00000003 00000000 00000000 0001 03 25145
0000000000000000: 00000003 00000000 00000000 0001 03 28949 /run/dbus/system_bus_socket
0000000000000000: 00000003 00000000 00000000 0001 03 21197
0000000000000000: 00000003 00000000 00000000 0001 03 499352 /run/user/1000/pipewire-0
0000000000000000: 00000003 00000000 00000000 0001 03 498747
0000000000000000: 00000003 00000000 00000000 0001 03 461733
0000000000000000: 00000003 00000000 00000000 0005 03 461732
0000000000000000: 00000003 00000000 00000000 0001 03 54789
0000000000000000: 00000003 00000000 00000000 0001 03 53020
0000000000000000: 00000003 00000000 00000000 0001 03 29766
0000000000000000: 00000003 00000000 00000000 0001 03 29007
0000000000000000: 00000003 00000000 00000000 0001 03 24354 /run/user/1000/at-spi/bus
0000000000000000: 00000003 00000000 00000000 0001 03 33219
0000000000000000: 00000003 00000000 00000000 0001 03 35188
0000000000000000: 00000002 00000000 00000000 0001 03 399471 /tmp/KIDs10qAeyJIIxytnH32C52l-TD-webview-110006
0000000000000000: 00000003 00000000 00000000 0001 03 57514 /run/user/1000/gvfsd/socket-h6th23eC
0000000000000000: 00000003 00000000 00000000 0001 03 25096 /run/user/1000/bus
0000000000000000: 00000003 00000000 00000000 0001 03 13899 /run/systemd/journal/stdout
0000000000000000: 00000003 00000000 00000000 0001 03 35527 /run/user/1000/at-spi/bus
0000000000000000: 00000003 00000000 00000000 0001 03 22352
0000000000000000: 00000003 00000000 00000000 0001 03 11825
0000000000000000: 00000003 00000000 00000000 0001 03 490430
0000000000000000: 00000003 00000000 00000000 0001 03 22496 /run/systemd/journal/stdout
0000000000000000: 00000003 00000000 00000000 0001 03 29028
0000000000000000: 00000003 00000000 00000000 0001 03 22225 /run/user/1000/bus
0000000000000000: 00000002 00000000 00010000 0001 01 21204 private/smtp
0000000000000000: 00000003 00000000 00000000 0001 03 456624
0000000000000000: 00000003 00000000 00000000 0001 03 24457
0000000000000000: 00000003 00000000 00000000 0001 03 27949
0000000000000000: 00000003 00000000 00000000 0001 03 458684 /run/user/1000/pipewire-0
0000000000000000: 00000003 00000000 00000000 0001 03 25171
0000000000000000: 00000003 00000000 00000000 0001 03 23157 /run/user/1000/bus
0000000000000000: 00000003 00000000 00000000 0001 03 21200
0000000000000000: 00000003 00000000 00000000 0001 03 29820
0000000000000000: 00000003 00000000 00000000 0001 03 25293 /run/systemd/journal/stdout
0000000000000000: 00000003 00000000 00000000 0001 03 29732
0000000000000000: 00000003 00000000 00000000 0001 03 22353 /run/user/1000/bus
0000000000000000: 00000003 00000000 00000000 0001 03 25743
0000000000000000: 00000003 00000000 00000000 0001 03 392975
0000000000000000: 00000003 00000000 00000000 0001 03 56776
0000000000000000: 00000002 00000000 00000000 0002 01 54790
0000000000000000: 00000003 00000000 00000000 0001 03 24419
0000000000000000: 00000002 00000000 00000000 0002 03 28953
0000000000000000: 00000002 00000000 00010000 0001 01 17186 /run/containerd/s/85d72e34296274a73c280546ce10a9ca7c6a2f4c7291ed5e9b275e01410daf1f
0000000000000000: 00000003 00000000 00000000 0001 03 430927 /run/dbus/system_bus_socket
0000000000000000: 00000003 00000000 00000000 0001 03 431966 /run/dbus/system_bus_socket
0000000000000000: 00000003 00000000 00000000 0001 03 36176 /run/systemd/journal/stdout
0000000000000000: 00000003 00000000 00000000 0001 03 25123
0000000000000000: 00000003 00000000 00000000 0001 03 16695 /run/systemd/journal/stdout
0000000000000000: 00000003 00000000 00000000 0005 03 460475
0000000000000000: 00000003 00000000 00000000 0001 03 28361 /run/user/1000/at-spi/bus
0000000000000000: 00000003 00000000 00000000 0001 03 28357 /run/user/1000/at-spi/bus
0000000000000000: 00000003 00000000 00000000 0001 03 22515
0000000000000000: 00000002 00000000 00010000 0001 01 25165 /home/polloloco/.cache/ibus/dbus-XSCWxmu3
0000000000000000: 00000003 00000000 00000000 0001 03 24911 /run/systemd/journal/stdout
0000000000000000: 00000003 00000000 00000000 0001 03 16761
0000000000000000: 00000003 00000000 00000000 0001 03 27272 /run/systemd/journal/stdout
0000000000000000: 00000003 00000000 00000000 0001 03 26297
0000000000000000: 00000003 00000000 00000000 0001 03 25252
0000000000000000: 00000003 00000000 00000000 0001 03 29133 /run/user/1000/bus
0000000000000000: 00000003 00000000 00000000 0001 03 28199
0000000000000000: 00000003 00000000 00000000 0001 03 13898
0000000000000000: 00000003 00000000 00000000 0001 03 29150 /run/user/1000/bus
0000000000000000: 00000002 00000000 00000000 0002 03  9449
0000000000000000: 00000003 00000000 00000000 0001 03 23155 /run/user/1000/bus
0000000000000000: 00000003 00000000 00000000 0001 03 29213 /run/user/1000/bus
0000000000000000: 00000003 00000000 00000000 0001 03 51164
0000000000000000: 00000003 00000000 00000000 0001 03 500138
0000000000000000: 00000003 00000000 00000000 0001 03 456658
0000000000000000: 00000003 00000000 00000000 0001 03 31670
0000000000000000: 00000003 00000000 00000000 0001 03 25169 /home/polloloco/.cache/ibus/dbus-XSCWxmu3
0000000000000000: 00000003 00000000 00000000 0001 03 499340 /run/systemd/journal/stdout
0000000000000000: 00000003 00000000 00000000 0005 03 461215
0000000000000000: 00000003 00000000 00000000 0001 03 29243 /run/user/1000/bus
0000000000000000: 00000003 00000000 00000000 0001 03 29032 @/tmp/.ICE-unix/3988
0000000000000000: 00000002 00000000 00000000 0002 01 26191
0000000000000000: 00000003 00000000 00000000 0001 03 27979 /run/systemd/journal/stdout
0000000000000000: 00000003 00000000 00000000 0001 03 37931 /run/user/1000/bus
0000000000000000: 00000003 00000000 00000000 0001 03 23224 /run/user/1000/wayland-0
0000000000000000: 00000003 00000000 00000000 0001 03 29304 /run/systemd/journal/stdout
0000000000000000: 00000003 00000000 00000000 0001 03 22491
0000000000000000: 00000003 00000000 00000000 0001 03 27251
0000000000000000: 00000003 00000000 00000000 0001 03 21194
0000000000000000: 00000003 00000000 00000000 0001 03 34426
0000000000000000: 00000003 00000000 00000000 0001 03 29739
0000000000000000: 00000003 00000000 00000000 0001 03 26309
0000000000000000: 00000002 00000000 00000000 0002 03 15847
0000000000000000: 00000003 00000000 00000000 0001 03  8506 /run/systemd/journal/stdout
0000000000000000: 00000003 00000000 00000000 0001 03 24471
0000000000000000: 00000003 00000000 00000000 0001 03 13866
0000000000000000: 00000003 00000000 00000000 0001 03 456098 /run/dbus/system_bus_socket
0000000000000000: 00000003 00000000 00000000 0001 03 399406 /run/user/1000/pulse/native
0000000000000000: 00000003 00000000 00000000 0001 03 23156 /run/user/1000/bus
0000000000000000: 00000003 00000000 00000000 0001 03 25094
0000000000000000: 00000002 00000000 00000000 0002 03 16739
0000000000000000: 00000003 00000000 00000000 0001 03 13748 /run/systemd/journal/stdout
0000000000000000: 00000003 00000000 00000000 0001 03 25279 /run/user/1000/bus
0000000000000000: 00000003 00000000 00000000 0001 03 24355 /run/user/1000/bus
0000000000000000: 00000003 00000000 00000000 0001 03 21211
0000000000000000: 00000003 00000000 00000000 0001 03 54787
0000000000000000: 00000003 00000000 00000000 0001 03 29253
0000000000000000: 00000003 00000000 00000000 0001 03 24445 /run/systemd/journal/stdout
0000000000000000: 00000003 00000000 00000000 0001 03 29137 /run/user/1000/bus
0000000000000000: 00000003 00000000 00000000 0001 03 11801 /run/systemd/journal/stdout
0000000000000000: 00000003 00000000 00000000 0001 03 25232
0000000000000000: 00000003 00000000 00000000 0001 03 24424
0000000000000000: 00000003 00000000 00000000 0001 03 25163 /run/dbus/system_bus_socket
0000000000000000: 00000003 00000000 00000000 0001 03 453613 /run/user/1000/bus
0000000000000000: 00000003 00000000 00000000 0001 03 392181 /run/systemd/journal/stdout
0000000000000000: 00000003 00000000 00000000 0001 03 22346 /run/user/1000/bus
0000000000000000: 00000002 00000000 00000000 0001 03 23016 /run/gdm3/dbus/dbus-wkIK115O
0000000000000000: 00000003 00000000 00000000 0001 03 17698 /run/systemd/journal/stdout
0000000000000000: 00000003 00000000 00000000 0001 03 11820 /run/dbus/system_bus_socket
0000000000000000: 00000003 00000000 00000000 0001 03 24472
0000000000000000: 00000003 00000000 00000000 0001 03 26318 /run/user/1000/bus
0000000000000000: 00000003 00000000 00000000 0001 03 22434
0000000000000000: 00000003 00000000 00000000 0001 03 17349 /run/systemd/journal/stdout
0000000000000000: 00000002 00000000 00010000 0001 01 21207 private/relay
0000000000000000: 00000003 00000000 00000000 0001 03 432002
0000000000000000: 00000003 00000000 00000000 0001 03 392195
0000000000000000: 00000002 00000000 00000000 0002 01 26338
0000000000000000: 00000003 00000000 00000000 0001 03 27235
0000000000000000: 00000003 00000000 00000000 0001 03 29030 /run/systemd/journal/stdout
0000000000000000: 00000002 00000000 00010000 0001 01 21210 public/showq
0000000000000000: 00000002 00000000 00010000 0001 01 457521 /run/user/1000/snap.firefox/wayland-proxy-130022
0000000000000000: 00000003 00000000 00000000 0001 03 23127 /run/user/1000/wayland-0
0000000000000000: 00000003 00000000 00000000 0001 03 25979
0000000000000000: 00000003 00000000 00000000 0002 03  9437
0000000000000000: 00000003 00000000 00000000 0001 03 57490 /run/user/1000/bus
0000000000000000: 00000003 00000000 00000000 0001 03 25302 /run/user/1000/bus
0000000000000000: 00000003 00000000 00000000 0001 03 27360 /run/dbus/system_bus_socket
0000000000000000: 00000003 00000000 00000000 0001 03 23163 /run/dbus/system_bus_socket
0000000000000000: 00000003 00000000 00000000 0001 03 22456 /run/systemd/journal/stdout
0000000000000000: 00000003 00000000 00000000 0001 03 21188
0000000000000000: 00000003 00000000 00000000 0001 03 22492 /run/systemd/journal/stdout
0000000000000000: 00000003 00000000 00000000 0001 03 23125 /run/user/1000/wayland-0
0000000000000000: 00000002 00000000 00000000 0002 03 21583
0000000000000000: 00000003 00000000 00000000 0005 03 497841
0000000000000000: 00000003 00000000 00000000 0001 03 467045
0000000000000000: 00000003 00000000 00000000 0001 03 465116
0000000000000000: 00000003 00000000 00000000 0001 03 462028
0000000000000000: 00000003 00000000 00000000 0001 03 28138
0000000000000000: 00000003 00000000 00000000 0001 03 24279
0000000000000000: 00000003 00000000 00000000 0001 03 395995 /run/user/1000/at-spi/bus
0000000000000000: 00000003 00000000 00000000 0001 03 25223 /run/user/1000/pipewire-0
0000000000000000: 00000003 00000000 00000000 0001 03 25112
0000000000000000: 00000003 00000000 00000000 0001 03 475937 /run/user/1000/bus
0000000000000000: 00000003 00000000 00000000 0001 03 26307 /home/polloloco/.cache/ibus/dbus-XSCWxmu3
0000000000000000: 00000003 00000000 00000000 0001 03 26280
0000000000000000: 00000003 00000000 00000000 0001 03 22468
0000000000000000: 00000003 00000000 00000000 0001 03 27099 /run/systemd/journal/stdout
0000000000000000: 00000003 00000000 00000000 0001 03 24910 /run/systemd/journal/stdout
0000000000000000: 00000003 00000000 00000000 0001 03 21206
0000000000000000: 00000003 00000000 00000000 0001 03 28353
0000000000000000: 00000002 00000000 00010000 0001 01 21213 private/error
0000000000000000: 00000003 00000000 00000000 0001 03 460935
0000000000000000: 00000003 00000000 00000000 0001 03 28090
0000000000000000: 00000003 00000000 00000000 0001 03 13920
0000000000000000: 00000003 00000000 00000000 0001 03 44635 /run/user/1000/pulse/native
0000000000000000: 00000003 00000000 00000000 0001 03 25170
0000000000000000: 00000003 00000000 00000000 0001 03 28185 /run/systemd/journal/stdout
0000000000000000: 00000003 00000000 00000000 0001 03 25116 /run/systemd/journal/stdout
0000000000000000: 00000003 00000000 00000000 0001 03 501109
0000000000000000: 00000003 00000000 00000000 0001 03 22510
0000000000000000: 00000003 00000000 00000000 0001 03 30751 /run/user/1000/wayland-0
0000000000000000: 00000003 00000000 00000000 0001 03 26044
0000000000000000: 00000003 00000000 00000000 0001 03 21208
0000000000000000: 00000003 00000000 00000000 0001 03 432003
0000000000000000: 00000003 00000000 00000000 0001 03 29335
0000000000000000: 00000003 00000000 00000000 0001 03 29790
0000000000000000: 00000003 00000000 00000000 0001 03 29048
0000000000000000: 00000002 00000000 00010000 0001 01 22762 /run/gdm3/dbus/dbus-bUlHf9tj
0000000000000000: 00000003 00000000 00000000 0001 03 433713
0000000000000000: 00000002 00000000 00000000 0002 01 29821
0000000000000000: 00000003 00000000 00000000 0001 03 24414
0000000000000000: 00000003 00000000 00000000 0001 03 27054
0000000000000000: 00000002 00000000 00010000 0001 01 22763 /run/gdm3/dbus/dbus-wkIK115O
0000000000000000: 00000002 00000000 00010000 0001 01 21216 private/retry
0000000000000000: 00000003 00000000 00000000 0001 03 30759 /run/systemd/journal/stdout
0000000000000000: 00000003 00000000 00000000 0001 03 28200 /run/systemd/journal/stdout
0000000000000000: 00000003 00000000 00000000 0001 03 51165 /run/dbus/system_bus_socket
0000000000000000: 00000003 00000000 00000000 0001 03 23150 /run/user/1000/bus
0000000000000000: 00000003 00000000 00000000 0001 03 26101
0000000000000000: 00000003 00000000 00000000 0001 03 21196
0000000000000000: 00000003 00000000 00000000 0001 03 29238
0000000000000000: 00000003 00000000 00000000 0001 03 29013
0000000000000000: 00000003 00000000 00000000 0001 03 24209 /run/user/1000/bus
0000000000000000: 00000003 00000000 00000000 0001 03 12943 /run/systemd/journal/stdout
0000000000000000: 00000002 00000000 00000000 0002 01 20263
0000000000000000: 00000003 00000000 00000000 0001 03 29031 /run/systemd/journal/stdout
0000000000000000: 00000003 00000000 00000000 0001 03 396037 @/tmp/.X11-unix/X0
0000000000000000: 00000003 00000000 00000000 0001 03 27088 /run/systemd/journal/stdout
0000000000000000: 00000003 00000000 00000000 0001 03 12032 /run/systemd/journal/stdout
0000000000000000: 00000003 00000000 00000000 0001 03 16657 /run/systemd/journal/stdout
0000000000000000: 00000003 00000000 00000000 0001 03 33270 /run/user/1000/at-spi/bus
0000000000000000: 00000003 00000000 00000000 0001 03 25260 /run/user/1000/bus
0000000000000000: 00000003 00000000 00000000 0001 03 21190
0000000000000000: 00000003 00000000 00000000 0001 03 16941
0000000000000000: 00000003 00000000 00000000 0001 03 498746
0000000000000000: 00000003 00000000 00000000 0001 03 29343
0000000000000000: 00000003 00000000 00000000 0001 03 28352
0000000000000000: 00000003 00000000 00000000 0001 03 24444 /run/systemd/journal/stdout
0000000000000000: 00000003 00000000 00000000 0001 03 25117 /run/systemd/journal/stdout
0000000000000000: 00000003 00000000 00000000 0001 03 29012
0000000000000000: 00000003 00000000 00000000 0001 03 465117
0000000000000000: 00000003 00000000 00000000 0001 03 27181
0000000000000000: 00000003 00000000 00000000 0005 03 461122
0000000000000000: 00000003 00000000 00000000 0001 03 396669 /run/user/1000/bus
0000000000000000: 00000003 00000000 00000000 0001 03 47215 /run/user/1000/pipewire-0
0000000000000000: 00000003 00000000 00000000 0001 03 33217 /run/user/1000/pulse/native
0000000000000000: 00000003 00000000 00000000 0001 03 25158
0000000000000000: 00000003 00000000 00000000 0002 03 10359
0000000000000000: 00000003 00000000 00000000 0001 03 53994 /run/user/1000/gvfsd/socket-LClq3km4
0000000000000000: 00000003 00000000 00000000 0001 03 28279 /run/dbus/system_bus_socket
0000000000000000: 00000003 00000000 00000000 0001 03 26310 /run/user/1000/bus
0000000000000000: 00000003 00000000 00000000 0001 03 26289
0000000000000000: 00000003 00000000 00000000 0001 03 22459 /run/user/1000/bus
0000000000000000: 00000003 00000000 00000000 0001 03 22232
0000000000000000: 00000003 00000000 00000000 0001 03 21199
0000000000000000: 00000003 00000000 00000000 0001 03  9427
0000000000000000: 00000003 00000000 00000000 0001 03 37104
0000000000000000: 00000003 00000000 00000000 0001 03 29235
0000000000000000: 00000002 00000000 00010000 0001 01 497891 /run/user/1000/keyring/.ssh
0000000000000000: 00000003 00000000 00000000 0001 03 430921
0000000000000000: 00000003 00000000 00000000 0001 03 396680
0000000000000000: 00000003 00000000 00000000 0001 03 25160
0000000000000000: 00000003 00000000 00000000 0001 03 22465 /run/user/1000/bus
0000000000000000: 00000003 00000000 00000000 0001 03 28969 /run/dbus/system_bus_socket
0000000000000000: 00000003 00000000 00000000 0001 03 22435
0000000000000000: 00000003 00000000 00000000 0001 03 26035
0000000000000000: 00000003 00000000 00000000 0001 03 24753 /run/dbus/system_bus_socket
0000000000000000: 00000003 00000000 00000000 0001 03 28278
0000000000000000: 00000002 00000000 00000000 0001 03 26295
0000000000000000: 00000003 00000000 00000000 0001 03 29088
0000000000000000: 00000003 00000000 00000000 0005 03 461245
0000000000000000: 00000003 00000000 00000000 0001 03 462012
0000000000000000: 00000003 00000000 00000000 0001 03 24418
0000000000000000: 00000003 00000000 00000000 0001 03 22454 /run/user/1000/bus
0000000000000000: 00000003 00000000 00000000 0001 03 27977
0000000000000000: 00000003 00000000 00000000 0001 03 23187 /run/user/1000/bus
0000000000000000: 00000003 00000000 00000000 0001 03 23161 /run/dbus/system_bus_socket
0000000000000000: 00000003 00000000 00000000 0001 03 29140 /run/user/1000/bus
0000000000000000: 00000003 00000000 00000000 0001 03 22486
0000000000000000: 00000003 00000000 00000000 0001 03 22453 /run/systemd/journal/stdout
0000000000000000: 00000003 00000000 00000000 0001 03 28885 /run/user/1000/bus
0000000000000000: 00000003 00000000 00000000 0001 03 21214
0000000000000000: 00000003 00000000 00000000 0001 03 11849
0000000000000000: 00000003 00000000 00000000 0001 03 27938 /run/systemd/journal/stdout
0000000000000000: 00000003 00000000 00000000 0001 03 12041 /run/systemd/journal/stdout
0000000000000000: 00000003 00000000 00000000 0001 03 465922
0000000000000000: 00000003 00000000 00000000 0005 03 461244
0000000000000000: 00000003 00000000 00000000 0001 03 392974
0000000000000000: 00000003 00000000 00000000 0001 03 22200 /run/dbus/system_bus_socket
0000000000000000: 00000003 00000000 00000000 0001 03 28358 /run/user/1000/at-spi/bus
0000000000000000: 00000002 00000000 00010000 0001 01 21219 private/discard
0000000000000000: 00000003 00000000 00000000 0001 03 12407 /run/systemd/journal/stdout
0000000000000000: 00000003 00000000 00000000 0002 03  9438
0000000000000000: 00000003 00000000 00000000 0001 03 29791 /run/dbus/system_bus_socket
0000000000000000: 00000003 00000000 00000000 0001 03 27379 /run/dbus/system_bus_socket
0000000000000000: 00000003 00000000 00000000 0001 03 22483
0000000000000000: 00000002 00000000 00000000 0002 01 25061
0000000000000000: 00000003 00000000 00000000 0001 03 21202
0000000000000000: 00000003 00000000 00000000 0005 03 461731
0000000000000000: 00000003 00000000 00000000 0001 03 29237
0000000000000000: 00000003 00000000 00000000 0001 03 29065
0000000000000000: 00000003 00000000 00000000 0001 03 26045 /run/dbus/system_bus_socket
0000000000000000: 00000003 00000000 00000000 0001 03 19091
0000000000000000: 00000003 00000000 00000000 0001 03 461868
0000000000000000: 00000003 00000000 00000000 0001 03 456089
0000000000000000: 00000003 00000000 00000000 0001 03 56777
0000000000000000: 00000002 00000000 00010000 0001 01 21222 private/local
0000000000000000: 00000003 00000000 00000000 0001 03 15751
0000000000000000: 00000003 00000000 00000000 0001 03 35508 /run/user/1000/pipewire-0
0000000000000000: 00000003 00000000 00000000 0001 03 27270 /run/user/1000/bus
0000000000000000: 00000003 00000000 00000000 0001 03 25132
0000000000000000: 00000003 00000000 00000000 0001 03 23151 /run/user/1000/gvfsd/socket-zRJccfO6
0000000000000000: 00000003 00000000 00000000 0001 03 25118 /run/systemd/journal/stdout
0000000000000000: 00000003 00000000 00000000 0001 03 51163
0000000000000000: 00000003 00000000 00000000 0001 03 29765
0000000000000000: 00000003 00000000 00000000 0001 03 28355
0000000000000000: 00000003 00000000 00000000 0001 03 26256 /run/user/1000/bus
0000000000000000: 00000003 00000000 00000000 0001 03 24981 /run/user/1000/bus
0000000000000000: 00000002 00000000 00010000 0001 01 21225 private/virtual
0000000000000000: 00000002 00000000 00000000 0002 01 59061
0000000000000000: 00000003 00000000 00000000 0001 03 30753 /run/user/1000/wayland-0
0000000000000000: 00000003 00000000 00000000 0001 03 27114
0000000000000000: 00000003 00000000 00000000 0001 03 27976
0000000000000000: 00000002 00000000 00010000 0001 01 15486 /run/systemd/resolve/io.systemd.Resolve
0000000000000000: 00000003 00000000 00000000 0001 03 500121 /run/user/1000/wayland-0
0000000000000000: 00000003 00000000 00000000 0001 03 439062 /run/systemd/journal/stdout
0000000000000000: 00000003 00000000 00000000 0001 03 17621 /run/dbus/system_bus_socket
0000000000000000: 00000002 00000000 00010000 0001 01 15487 /run/systemd/resolve/io.systemd.Resolve.Monitor
0000000000000000: 00000003 00000000 00000000 0001 03 30891 /run/snapd-snap.socket
0000000000000000: 00000003 00000000 00000000 0001 03 28212 /run/user/1000/bus
0000000000000000: 00000003 00000000 00000000 0001 03 22463
0000000000000000: 00000003 00000000 00000000 0001 03 26188
0000000000000000: 00000003 00000000 00000000 0001 03 21203
0000000000000000: 00000002 00000000 00000000 0002 01 392972
0000000000000000: 00000003 00000000 00000000 0001 03 29236
0000000000000000: 00000002 00000000 00010000 0001 01 21228 private/lmtp
0000000000000000: 00000003 00000000 00000000 0001 03 16668 /run/dbus/system_bus_socket
0000000000000000: 00000003 00000000 00000000 0001 03 495413
0000000000000000: 00000003 00000000 00000000 0005 03 462104
0000000000000000: 00000003 00000000 00000000 0001 03 456623
0000000000000000: 00000003 00000000 00000000 0001 03 393110
0000000000000000: 00000003 00000000 00000000 0001 03 35190 /run/user/1000/bus
0000000000000000: 00000003 00000000 00000000 0001 03 25258
0000000000000000: 00000003 00000000 00000000 0001 03 24399 /run/systemd/journal/stdout
0000000000000000: 00000003 00000000 00000000 0001 03 24412 /run/user/1000/bus
0000000000000000: 00000003 00000000 00000000 0001 03 27210 /run/user/1000/at-spi/bus
0000000000000000: 00000002 00000000 00000000 0002 03  9433
0000000000000000: 00000003 00000000 00000000 0001 03 25305 /run/snapd-snap.socket
0000000000000000: 00000003 00000000 00000000 0001 03 26317 /run/user/1000/bus
0000000000000000: 00000003 00000000 00000000 0001 03 22457 /run/user/1000/bus
0000000000000000: 00000003 00000000 00000000 0001 03 22231
0000000000000000: 00000002 00000000 00010000 0001 01 21231 private/anvil
0000000000000000: 00000003 00000000 00000000 0001 03 22245 /run/systemd/journal/stdout
0000000000000000: 00000002 00000000 00010000 0001 01 21234 private/scache
0000000000000000: 00000003 00000000 00000000 0001 03 392976
0000000000000000: 00000003 00000000 00000000 0001 03 44636
0000000000000000: 00000003 00000000 00000000 0001 03 28182 /run/systemd/journal/stdout
0000000000000000: 00000003 00000000 00000000 0001 03 24305
0000000000000000: 00000003 00000000 00000000 0001 03 27087
0000000000000000: 00000002 00000000 00000000 0002 01 21237 public/postlog
0000000000000000: 00000003 00000000 00000000 0001 03 15825
0000000000000000: 00000003 00000000 00000000 0001 03 13811
0000000000000000: 00000003 00000000 00000000 0001 03 28382 /run/user/1000/at-spi/bus
0000000000000000: 00000003 00000000 00000000 0001 03 22516
0000000000000000: 00000003 00000000 00000000 0001 03 17190 /run/containerd/s/85d72e34296274a73c280546ce10a9ca7c6a2f4c7291ed5e9b275e01410daf1f
0000000000000000: 00000003 00000000 00000000 0001 03 21212
0000000000000000: 00000003 00000000 00000000 0005 03 501071
0000000000000000: 00000003 00000000 00000000 0001 03 29239
0000000000000000: 00000003 00000000 00000000 0001 03 28356
0000000000000000: 00000003 00000000 00000000 0001 03 23128 /run/user/1000/wayland-0
0000000000000000: 00000002 00000000 00010000 0001 01 21240 private/uucp
0000000000000000: 00000003 00000000 00000000 0001 03 17622 /run/dbus/system_bus_socket
0000000000000000: 00000003 00000000 00000000 0001 03 13844 @4d5cc4da3b43fc4c/bus/systemd/bus-api-system
0000000000000000: 00000003 00000000 00000000 0001 03 11785 @83af1762442ff6a0/bus/systemd-resolve/bus-api-resolve
0000000000000000: 00000002 00000000 00010000 0001 01 28950 @/tmp/.ICE-unix/3988
0000000000000000: 00000002 00000000 00010000 0001 01 28092 @/tmp/.X11-unix/X0
0000000000000000: 00000002 00000000 00010000 0001 01 28094 @/tmp/.X11-unix/X1
0000000000000000: 00000003 00000000 00000000 0001 03 14765 @93905b4eca146ff1/bus/systemd-logind/system
0000000000000000: 00000003 00000000 00000000 0001 03 13733 @e55487807e4f68e9/bus/systemd-timesyn/bus-api-timesync
0000000000000000: 00000003 00000000 00000000 0001 03 25978 @3bd1d76274142e1f/bus/systemd/bus-system
0000000000000000: 00000002 00000000 00010000 0005 01 457516 @snap.firefox.gecko-crash-helper-pipe.130022
0000000000000000: 00000002 00000000 00010000 0001 01 392992 @snap.telegram-desktop.4bfa1535a27c5cc9b474ded6d53d57f3
0000000000000000: 00000003 00000000 00000000 0001 03 15738 @d98bacae48a4920a/bus/systemd-oomd/bus-api-oom
0000000000000000: 00000003 00000000 00000000 0001 03 22222 @19e4c50ec2456ca1/bus/systemd/bus-api-user
